748321458944,
138218008869,
447211019104,
90557317299,
863024484257,
520818502572,
719368928646,
523609682655,
952026713941,
615026494937,
169095694811,
634873281058,
415822391989,
214828316510,
32275468902,
637467600443,
183962027208,
590809444944,
972034584186,
602745499970,
419851394548,
99518629129,
831602562678,
889741472362,
267322075785,
769181568478,
611041710941,
346119941411,
233123004961,
591261233882,
686622076804,
326835549110,
952775934750,
486598136539,
969244770569,
287080323443,
797632647274,
772048387888,
115812582336,
131104792472,
10872722117,
113596054530,
23881067004,
611424008172,
205807040303,
510999929519,
229737294516,
773733501582,
633555759456,
798840379734,
910982701378,
242076769141,
979835483281,
396024021856,
559923187441,
175270796191,
786035602793,
822697138777,
366971737508,
52536186821,
820300756052,
751105711975,
581562859622,
293601324417,
403453089921,
816598631280,
37600592300,
978797823359,
711956649795,
766224157420,
585126815746,
324193775402,
533448563947,
47023932129,
324284589030,
18598411850,
988558857383,
456769061709,
517207395683,
63826202990,
372052079156,
787742082193,
567629060155,
952037239649,
385600211899,
345749727037,
515383518683,
614462799987,
777120133437,
69884669265,
402345200384,
38692498101,
530495751793,
651942093174,
490614070114,
201194479648,
264637477943,
461238996738,
676793274965,
865103465050,
739356480962,
846036791764,
615324082778,
129054415055,
336445591108,
465776712101,
316952965610,
657194352897,
653750158563,
647305209823,
549013800659,
229592043714,
577455946934,
16561393896,
370012989739,
723952637233,
35508387968,
509848215656,
185359275737,
327006798523,
484777073696,
802831214277,
696891490899,
620525309057,
288686682549,
201136890380,
597438774358,
302407880451,
101595590992,
764026616577,
34182148009,
823390893297,
579190279938,
456401071234,
839614513195,
423274878932,
862927595838,
460504286713,
832172482401,
660798421018,
313524425123,
144737660050,
588782103389,
938412727616,
270653528538,
279751545901,
889400735591,
68817324877,
118900408409,
739640929242,
566244252421,
140300130589,
496852287943,
586081128111,
490335628835,
477446116441,
908349771755,
827788102354,
237086246344,
3982004894,
318860944424,
203408730992,
631152120265,
242669664739,
398704498601,
206443453393,
572186684301,
708046836861,
874261468056,
556013864398,
590773356473,
525439797535,
374284213037,
952878702595,
143767841617,
2402146487,
583246501742,
462036981317,
482516959039,
738011989438,
210485939697,
374189486831,
890552404517,
213039995523,
946240145663,
878843828809,
702174838955,
366400423506,
90777314661,
699549200050,
860022217873,
904873163365,
831787387529,
647855605355,
331801352165,
55026306722,
919620849368,
541917043358,
857860782922,
959806276664,
26616226761,
56928637709,
478045769165,
464667921432,
154739367362,
203678429658,
611229128978,
55651258491,
761146876724,
150627084910,
102520805288,
725521777351,
122406539854,
730377244739,
533715558470,
679095284052,
183867061767,
517263294796,
89592902746,
975159827352,
359310685213,
306786756651,
466853083661,
688534561970,
722140135873,
88440184268,
285975088887,
962077348114,
694854019551,
570890159840,
673494246100,
215879158586,
321433160706,
963032884315,
604565500261,
373928220136,
863583581759,
442846901207,
283317602030,
778478018516,
659938410943,
417375181255,
625016109270,
406119623505,
406658427722,
625996842657,
231498750872,
972976795081,
394348423900,
613430767107,
334189908479,
984010371175,
102574285940,
347528004476,
477689469204,
149319161557,
421268553538,
751663271595,
616410223402,
135852729645,
413300382641,
889896165750,
110000146586,
965050069526,
572865748424,
346585161,
928973139496,
32880322421,
969140912821,
881816976680,
237459916100,
969932244984,
879492123911,
475136692122,
388025197602,
396611511367,
848685127398,
351332763940,
898089927301,
12715873943,
36577710732,
274204942944,
720979984719,
482639658464,
151726548593,
683606626152,
988135866904,
499448025367,
668469528752,
255861766892,
492508659950,
612091258308,
765087086274,
580457639024,
455325022550,
494298981794,
568990884066,
64805282856,
540009031779,
545575242616,
136916979215,
644892221822,
126560163334,
422788774672,
225606775341,
647948781075,
467418079491,
690623181493,
348932304593,
158651114720,
356939501135,
185992480495,
149932840366,
775071642658,
492675495995,
357808630560,
77247862268,
659725181200,
606228236377,
704743713857,
795960033558,
413540998258,
47060181137,
999566958847,
174144720725,
191225051610,
142400279210,
138206490746,
994124887927,
22766809604,
839441157935,
963173719152,
231093030146,
549776571814,
62842159802,
299779934285,
277776373876,
752721164698,
577736599294,
843067883376,
13577908931,
240419257695,
651652347411,
58792952172,
591486179258,
834488060003,
3791115749,
398618071097,
745545909986,
517614460000,
995201312548,
592760903930,
222656204245,
799840124050,
770691655255,
971017122849,
687364870987,
947008984593,
629369303106,
500806056570,
447555118971,
718438249717,
554825340227,
408311912554,
239797893231,
987938562585,
79289158090,
409393739741,
271816840921,
313754225240,
819676358183,
718537070210,
911897307006,
155072207102,
770492377599,
727935179936,
267591159030,
665350124595,
851893471055,
176314708781,
848574827810,
309631904007,
892169407906,
104992438161,
352665317619,
463890169003,
562921580542,
798091074015,
965420087452,
262691478768,
887972281974,
167715603857,
752566869109,
603191136304,
467012836873,
893321741571,
78439518469,
608973553015,
853260313091,
509170738291,
73416065886,
646180013391,
945449754780,
664502830792,
456498407058,
57221912158,
895428623972,
624981663569,
629641276389,
876330957728,
138962251949,
849261353562,
829950763446,
390641500248,
862240725055,
915337389055,
620560233903,
194569885999,
564853192277,
516480315029,
462696495242,
537321876323,
712500853979,
256737293325,
772142859785,
731860017128,
415367061687,
720243694221,
350336674181,
568640343867,
100575074435,
172445614116,
416054713888,
655925274201,
922042214978,
249174837482,
783104840319,
810287149704,
312262335348,
614897117866,
808135808127,
858277049155,
743045072174,
90794121891,
518064637041,
859555074877,
748291663372,
640866965763,
893401024125,
878824487048,
784624211618,
665353808364,
51024464256,
320526591159,
815920538892,
413131829787,
402944928992,
338899803016,
642615177929,
179990097060,
193640293074,
147500050921,
4752043303,
830822592914,
134256938682,
95658270028,
790892849043,
814032721467,
545737682783,
623220907439,
831603853511,
97301851867,
50802266995,
180676451277,
285466983012,
884702046470,
385361933612,
599255400415,
978910177167,
59919616008,
906680320951,
192925999267,
618380209057,
965843825433,
49184245057,
153715021702,
331189896574,
189080235160,
35624336984,
224109483665,
622823617897,
614650225379,
733621986071,
896737780844,
691878909329,
395434343458,
774658419836,
803509281369,
183316665490,
414413843420,
612887098202,
119953880707,
513043404272,
394542217856,
448627910232,
563291488337,
714810804954,
341088924915,
13086600219,
804838403933,
563573678621,
139068768558,
576174973582,
749657087982,
863865234705,
500206638187,
533568040054,
876562604799,
559648663959,
259319491522,
205066856194,
669156396872,
999628955879,
714648438115,
16156592180,
911462242599,
667039845096,
103703225305,
957830249903,
312340606273,
319066066326,
844758999125,
661662472037,
271653853088,
301665394284,
553201493422,
969955253440,
216109668797,
112976772863,
199030183086,
125760319518,
625062141204,
599126478037,
270198676901,
294401213335,
701536270664,
882506329362,
277030131123,
759306384890,
366102831154,
955836771039,
7136552165,
306777566735,
922385260041,
418121078487,
742345959806,
383552927,
53596953624,
620151555984,
465513328845,
971451742136,
152809889975,
517244825434,
229812842080,
50794015296,
978926017891,
871327049307,
188344803054,
567516595544,
866659464321,
521037375093,
821470876111,
917043523118,
38198600529,
160745029259,
433342597966,
435964895831,
832290327563,
463995226633,
782813089482,
13841786993,
946840922653,
44297708416,
115434640935,
93944545254,
246199880229,
651390731122,
788265033917,
729322593719,
324179544268,
478097303119,
855241079989,
153531939929,
642952615719,
541241531318,
477005299963,
233499922194,
117242236581,
630511373970,
754235417603,
112864496869,
308876862430,
142067735277,
141851509360,
160195599337,
333184920082,
955003474357,
910020807172,
29072768693,
47507306551,
428693854646,
245662737343,
290441217047,
552881421630,
5478767412,
409414881953,
233784470649,
965078037329,
394089944441,
400369719696,
91637262047,
430250193036,
311483619900,
454878991920,
524849844796,
734991110509,
849974795876,
224750773321,
339810846456,
607924278989,
754679261065,
952321730220,
964035957792,
119238390684,
73180713802,
753540429639,
983344220422,
892095973192,
824177724119,
11346200586,
922041449332,
549181031970,
549370880938,
77688464395,
979471258303,
438681756666,
223508745548,
834983221848,
727326646341,
815148186968,
978869554521,
947456394097,
568772482587,
220597642755,
121094654460,
639404145975,
417284355668,
366975931752,
995586881856,
425470857961,
161236484513,
33712349609,
789876956655,
317379405834,
949136904800,
516712205522,
259624980797,
98319486325,
24246715581,
661801737294,
376680046864,
98484800521,
16399238937,
211377106747,
562806289504,
310217041173,
469280828292,
637896949682,
550625720703,
83259354712,
935421505899,
856733319002,
518026288682,
179631652167,
905174225413,
207333964917,
704343070204,
594973097548,
274398877008,
802366715598,
343698240719,
645130408590,
948430015240,
690588052491,
399175968645,
10097181201,
149009404401,
406561996235,
530892817036,
134661076937,
969840811072,
983378159356,
318625518177,
345406651525,
800611704786,
8166946215,
970163134750,
177552929842,
692631185667,
741279144677,
431447580255,
906090709806,
818218540711,
496383505607,
923673120014,
869687130204,
90244362695,
272365562571,
966315751396,
730328550531,
860233764564,
979779222305,
322247839162,
431271899914,
678586432215,
962107021472,
719344549512,
69936613462,
362914082756,
397464621069,
813947217714,
143714039347,
930277062855,
648497568279,
464826613148,
730127232719,
747248350160,
901258481413,
553140030069,
836938132719,
301421402302,
620688663863,
223448351640,
380951460415,
59362871759,
168533144037,
333518647442,
511825599577,
675877151075,
118202928852,
642395053979,
148791773678,
507228732352,
201820155158,
92126187299,
3114576319,
232405385317,
22208191187,
448762345434,
994544809439,
204611221759,
206236362463,
624710275795,
925476133098,
337025056268,
446115017686,
143443296528,
966492799171,
435565050018,
362673502987,
503176966547,
757388161579,
416045944596,
580378897851,
699362221715,
77865954442,
515569527988,
34196077557,
486476671878,
411192203558,
703786760335,
784304680181,
831037133261,
61414956243,
864816991836,
202722382688,
778176850167,
476240800316,
854514332697,
246180399578,
810640464786,
44172589013,
394356119270,
622440425217,
729684651042,
339638141765,
645817761710,
403165008142,
239052006999,
117042692485,
94315672135,
54235701806,
752694333638,
84787201121,
364927761279,
696545769270,
63097572108,
263413297510,
693607747130,
116096934005,
840755859837,
128652739642,
135889756587,
547939354401,
853424733737,
74769468005,
931290322307,
165935672413,
328811059404,
789637759944,
562830826083,
381042914602,
601048078739,
408640106965,
701835203863,
180162447373,
165702189669,
116809951684,
153595892566,
818702613441,
682121754106,
383579920525,
682153226047,
155963037468,
421023226657,
20971925130,
281384864379,
607160254097,
716947659905,
165966397501,
681954832287,
722934476091,
35086634787,
525004005172,
50248332977,
957609975315,
91890118965,
570054491966,
840354898761,
37620992234,
519634806361,
516560435738,
797810812203,
842602198886,
155493692696,
914616063501,
777376293796,
968468712179,
922319919937,
783919342182,
304885084340,
262287945342,
254724763215,
673803783968,
481712704377,
331062614493,
239762192390,
786331369102,
601691969507,
199113892054,
951061772880,
776002416248,
968686027678,
643434233945,
264502365983,
796243352307,
939424327273,
266248094023,
558023241353,
671029641471,
536532215245,
20988453303,
869236780816,
492409300286,
346597468089,
394580309453,
188855542166,
756766444077,
43639567851,
400858864760,
20161934858,
910411084090,
680672078891,
842799786659,
686382115902,
814194427855,
407437947438,
955857021009,
349987305884,
336422094150,
87376009375,
501477983872,
46958847706,
867866718838,
832034587134,
547517843304,
782969007868,
103654459730,
419884641928,
397117130069,
586562917225,
431709140830,
505837287447,
636968544344,
964703755933,
466249180226,
408495294806,
925625918780,
77310507505,
530011340296,
329512970504,
444038926129,
163033497319,
905091786246,
673349972356,
156467423829,
171939558757,
586785368366,
432022749668,
909746021302,
954568083071,
681284825886,
858020110151,
856730498009,
270470111243,
915475071205,
798753637585,
762540655187,
272812749461,
410494911113,
163576816712,
448488203143,
385765891125,
200573656569,
612318955536,
106462724993,
112311886570,
172413696071,
268493362550,
103887080332,
444998826306,
387205610984,
856937180611,
660973586826,
893291574107,
307651379967,
232764103520,
970627525379,
953429428987,
808502441874,
357573329145,
470274814015,
808300891535,
475355758776,
703677864022,
332572315609,
435205080855,
425601190485,
704386131127,
640948368581,
468355719437,
541450289584,
567270934984,
891084415313,
101437004150,
43088901269,
998816468380,
399777476436,
106038836185,
967847498104,
189071381864,
108302943747,
625131313346,
485572847103,
677510958601,
852166366662,
328603279583,
701531796206,
410574198307,
850616471045,
414037835774,
568188222937,
125331270764,
674307838691,
908469009949,
677316003731,
423103055103,
386070861766,
715469267485,
403021581126,
103522590156,
335174134540,
7214641553,
634668957338,
744711054903,
404596409462,
934956048126,
420940774182,
816503091761,
705059775730,
874324868708,
149432421701,
224465250120,
139186496025,
790685879187,
666376716465,
572648904907,
804813635762,
736625490550,
546402762255,
240917520479,
533054688882,
571993802176,
367977062809,
433743966907,
917597638036,
290747083746,
749455168418,
254183016826,
173079883451,
385016384952,
155003660432,
921995659074,
807936079747,
485823319771,
126521415891,
288686288078,
814260815372,
347584049066,
533059955535,
742627060806,
156073694607,
397411822567,
479195445142,
927235858189,
443388105184,
907743154001,
659316204184,
328988617790,
3947992460,
852202756476,
795084333956,
511628503978,
518098381332,
232992860190,
619574739750,
280041917248,
194638539219,
923512814187,
520197308709,
221538113127,
395680524397,
479292354431,
450665636325,
547456924444,
372658702298,
935161014037,
674013366647,
315111440237,
256839235540,
811040478558,
403479162403,
183528731718,
344764057082,
13036774391,
24918869582,
866726175125,
254641871009,
335577732811,
661770210069,
384678727326,
176055363796,
799319753952,
174794741531,
987218276558,
439499537980,
446121930046,
396552027811,
871157547156,
776693872189,
93480266404,
252801411714,
793358789744,
210344542216,
189431887393,
155636218539,
689587439849,
940965468712,
930424595720,
380664038189,
175058993165,
241030536893,
271643196640,
254993344679,
987440228835,
661642797909,
401885594722,
81658911693,
122800059933,
165497198319,
625610662065,
250766065192,
11730803961,
520294696302,
492707095972,
408277887665,
897045495786,
744738551555,
259581398583,
596110512261,
522308612254,
78564037822,
760886634269,
35748863458,
44639621934,
371214585028,
393157951896,
85711845130,
540028972332,
117786965925,
242529073234,
447219272737,
354026178675,
641856399332,
41867883655,
326893229195,
631559866657,
643393086788,
826882816481,
340604637827,
694776869099,
444015905876,
386016412453,
159898852213,
813165685524,
177935062216,
936586356453,
883510453748,
794093180079,
162884027295,
484222249625,
257832297286,
193013063848,
406346137522,
616580297871,
101411736666,
941434362218,
15531445536,
595233615530,
824876697930,
223028183481,
110701178314,
386132776860,
760389384944,
402963274497,
460418258637,
545771419128,
532698087266,
788681646020,
330720896467,
289639444159,
928493578688,
853847046313,
354885959812,
803459322209,
846207816762,
10122858165,
106881494475,
966366877114,
206909725382,
43096845994,
157092727279,
551179818092,
608737741118,
540706216902,
773113131941,
82999239004,
43878050602,
164352799979,
386663943604,
894681789069,
593471430599,
105158793542,
653849977548,
259220278239,
247786082872,
477641999402,
566853727622,
308346412119,
865638063162,
887461134786,
360306464816,
395533193107,
661033645418,
287039876190,
167968217568,
63020293587,
350943855412,
599045358296,
154420707042,
70640147839,
945268402637,
827235570141,
186985887313,
921888417926,
133201999389,
518442175588,
462243069708,
382127814657,
207439934451,
374061413497,
78179246017,
429603794874,
195219057294,
402615035292,
331434234279,
967401405509,
294749296206,
498315240921,
779260807698,
271853804454,
418762989042,
333983084650,
237101460114,
261382235280,
57726133443,
148301574749,
942429229688,
436530216232,
145950411036,
131477989207,
636507944106,
470555189559,
985413776947,
914759945614,
265384176368,
227396621800,
216967613896,
109034404751,
469017167726,
117840555915,
465189059938,
5037214751,
60558977778,
507368379797,
25978256530,
984278495639,
414814892131,
506309141258,
982990136203,
169806873680,
426931175408,
895432724438,
501384366650,
154373340753,
408867274406,
380929605533,
979770888560,
873278941411,
453399620033,
554165841410,
644274536314,
903335864668,
546206525906,
691591855969,
461985833928,
185179645205,
469737262279,
85177565748,
834829061938,
408842513606,
515595549043,
379616695980,
301337221433,
737419851270,
254344186396,
499120717340,
476304624687,
557951268373,
852772724355,
707133271978,
91429143184,
403941472470,
143173944286,
178829244272,
672063454417,
263682235673,
121070083708,
364418923613,
946942186960,
85944403758,
959368093719,
332116301572,
795493176901,
916343741659,
725009843702,
643187891388,
474197925812,
549817110020,
12765758105,
915552920981,
172326414912,
816991621135,
19132331541,
509241082330,
656830425583,
831528926747,
594801689063,
54572440570,
966443716408,
606466093429,
762127714068,
642347041787,
481455524542,
385717218855,
338827293419,
540399719462,
61159058323,
488445882669,
705141869296,
320944665940,
137030167837,
142422283349,
112419593472,
425018598907,
774517156820,
861383499065,
264586823377,
424837349461,
301623598045,
946786275235,
732098943131,
481041945183,
467789674676,
616572899619,
540240327862,
736656674448,
131723172003,
982860045280,
618900093717,
882578581707,
126928788615,
528502431909,
76283613381,
170784668984,
896471945468,
304551435288,
696878201339,
70280231047,
196094019344,
555818029929,
143204428745,
310527385266,
410589852546,
563935097375,
301194933313,
837230997030,
58821858516,
111916894209,
292376608280,
709670838473,
356448166231,
441014925103,
223129018864,
124722089384,
23188605085,
652573496156,
593174945945,
214659901966,
487014127867,
839057853845,
116917466730,
588554345470,
49450080137,
975335772138,
511693883195,
210821188636,
679285645271,
759350872950,
57963932481,
972732715985,
591980182308,
71552359647,
7414040688,
13421887990,
479037467369,
872594550718,
674680673718,
611339546274,
738910874862,
790834881235,
788246604700,
118491396843,
758054053743,
721393812214,
561638174289,
416367001501,
506556006491,
866719631119,
441124790702,
264016769420,
221188497538,
236729892702,
720700121649,
964891743026,
700076524068,
356509200104,
427636418224,
827418598795,
580864963306,
160731519867,
305426681884,
31495821696,
972443787011,
101237061077,
606643328406,
313477074134,
599569749428,
654609961421,
162158592077,
801387320747,
446298578435,
194407502697,
154875456655,
202909617598,
821457458644,
51196033339,
284451363670,
156832583559,
182924801257,
211916858233,
643570289361,
342491258209,
193591295201,
189720708667,
754997343357,
40712778118,
249516127249,
355508670993,
279926695297,
515920115279,
445801104124,
882286314162,
203921133830,
312932383282,
680630394379,
900058585254,
593859479438,
837793484916,
356603274473,
748670606843,
522994146897,
216349551629,
909675804720,
774720905389,
481767342809,
369744224102,
245323701988,
980550628893,
832998026129,
295451455764,
511274211977,
32626173820,
217564722227,
798863752904,
351369303989,
785149426424,
341290605582,
349293567121,
254904776752,
22137156246,
522777705647,
444120054477,
5664593618,
338692571352,
173633152138,
634033586983,
526432999031,
57737207179,
382413250754,
825946747789,
157947031333,
487388929555,
974264658499,
358511942422,
726471473328,
596500430561,
211655672967,
164159243924,
458398043554,
662313979258,
301522131206,
52921911711,
347691236506,
393337736818,
987670428757,
573492291087,
422947253741,
193860102300,
238313501529,
212147046068,
395904626294,
244318982709,
870358705597,
238542398748,
158603869204,
959274175198,
496221461112,
406775611222,
356581963968,
626143894300,
546453739508,
475482531296,
194883552718,
266466370698,
505197635678,
676963990744,
779078856658,
35655089776,
90758805523,
940367089552,
908436782736,
900884154509,
8340949417,
956749097978,
308199920550,
107690063864,
399276667875,
531075089609,
523408725577,
645423459989,
935092681621,
681404664927,
427220900434,
900813059453,
33831634642,
526624130321,
607004389377,
143623804839,
308152874258,
222380558289,
468099882291,
410288786178,
108510398877,
336065604666,
158801665200,
535259762985,
539160001053,
382203890948,
377086097031,
982057663704,
111177506373,
565263710992,
720145312312,
917561380394,
177391642989,
164585222067,
381499068974,
610723658459,
766674551920,
261155000806,
408388867252,
611313399753,
223471996370,
173061960178,
286806063589,
141744377875,
698775398169,
82341741975,
761899158608,
559944018704,
898632660570,
892195841964,
557782551733,
964459573640,
567543375807,
264972593687,
79427853554,
149774524971,
414094666747,
832898089199,
577245483728,
409877250230,
891380201439,
242330511314,
392816655272,
330936752887,
992019287781,
501405970975,
92167544526,
91398179877,
109331378382,
629091455010,
211800197289,
209531412483,
824840436224,
959560734177,
710438294181,
179432564428,
53943905466,
509599665629,
834678240533,
733668785675,
309146332223,
834492117122,
112953510153,
549640173795,
672041748806,
675914565535,
486579833887,
644881988688,
305026571621,
893846841614,
905403919796,
757715137192,
221546664889,
697188585440,
547327524895,
227111054611,
206895293565,
338082984472,
118656393764,
629155028268,
796372348654,
147920732080,
287237634375,
860084380787,
212855655280,
600625607757,
836053694562,
121873574898,
605029429630,
54714973956,
231639747436,
145330661252,
116519503382,
348453568286,
338880821151,
19755248626,
929410904555,
648076204544,
780586817424,
923122620396,
944483648041,
220927441887,
623286558337,
8992270349,
995602647680,
992232203318,
612298532741,
451068734188,
850206730384,
541344774751,
571302667739,
825744189952,
634231221758,
324436250883,
415160747891,
294696886774,
36522278614,
649138334650,
456076610338,
403163943289,
481066671163,
854021347467,
269907464878,
733142278956,
795537252651,
691630435611,
902825116889,
300849463033,
318143136909,
26539086221,
10799142708,
867537273858,
673863355751,
428456678167,
537790922330,
392009402998,
146228840308,
593867537783,
249975184454,
831808126395,
894150784646,
833306943747,
546597555530,
840210301264,
856406755995,
226742146819,
650895092893,
590932745278,
724469219751,
883714764755,
937086846357,
683870690668,
322805472104,
154110247824,
737062905276,
923113484614,
16082676254,
736657055792,
115453793182,
367010951362,
449491115109,
204358799794,
457344258235,
650434794777,
57855143502,
953638859718,
176605645641,
32533769976,
806164738206,
155242013609,
673451952371,
347340101457,
837045748915,
663236460452,
110880528019,
274453174800,
485486651718,
287065617606,
721924655189,
764617693648,
108077293337,
99536463296,
394629947884,
930845305517,
172663831429,
415257118163,
555882401087,
281704390161,
768753772563,
715279247775,
767829977846,
853618943475,
118023879056,
699130126123,
228721427330,
233593199287,
384128522996,
406766149565,
824177390190,
762210473896,
191301856209,
270231345602,
642550286124,
139276120193,
762591153718,
426430308932,
333891471066,
957862391314,
582485730115,
953681685112,
138679952217,
555212696941,
707778174581,
903627724738,
326024131145,
327785586190,
13951529941,
586831080626,
308472662557,
777071481378,
221140591743,
724807059095,
824293054708,
489634943285,
910287826185,
304776801371,
684572257511,
89553088263,
988293491831,
109465214607,
377656073707,
370164291953,
276687173137,
379359420897,
804740342651,
777447150771,
990511894778,
662158552786,
755026299454,
476332563627,
396273888810,
922358750352,
539005045709,
164967649814,
133541676460,
813206064799,
869288050251,
569896280860,
277611302814,
409096590332,
873379023195,
912304705526,
445159641610,
734043935969,
444451966737,
743899830664,
624821687945,
3150303490,
447502843180,
531047465959,
277757503605,
117762284304,
942199725453,
479381122914,
664713366880,
899538498727,
40980809149,
221301203604,
904442167049,
578320628393,
866376540650,
392859240306,
728711524505,
339766385945,
373315008788,
642617610530,
67068693420,
492775805435,
631734587049,
6567462972,
344460369491,
247945056515,
193288227011,
111207830512,
804812203985,
700384748159,
747438399054,
256768857125,
741690068766,
321173862927,
557937377465,
338382009166,
725755444030,
347465866283,
869952765649,
712143741793,
801142326498,
126757627024,
93703301599,
567029040390,
28779812161,
516601095028,
661436432663,
6680713081,
496744608592,
168317040598,
496142704367,
405654781986,
957207698361,
446531306229,
174916051657,
807375172501,
669353601466,
773003943267,
718694148386,
607150125619,
782850489820,
419554631369,
143297970310,
179462702747,
993731610340,
255186388378,
310465568781,
707310883148,
259335651912,
944147572059,
202104967163,
78450818006,
288334895821,
17291910566,
915367343433,
217207756420,
461356299898,
680038386313,
634065323054,
88724270454,
810705827839,
199174468328,
50917831311,
229207682167,
582966582800,
639867019976,
329935280596,
460726949110,
505855278778,
393001154894,
863219615276,
546041122320,
962666245363,
477533824400,
391482338134,
562343849135,
323072324907,
935560308082,
927104418730,
858510747381,
462432233582,
195519503840,
905983141664,
986818422301,
620250520597,
768026423283,
469182156971,
644063615379,
59830410924,
323855056512,
810896461947,
581803567782,
129326731459,
816213045942,
690611380612,
892995882862,
814713406293,
399630605455,
578993557028,
33402333111,
671795584793,
190599252061,
509396777677,
826765835939,
509533429706,
97322775406,
321587115201,
676814283628,
67727175418,
560879464522,
292818228011,
965461723736,
274816589252,
880166104056,
764433511461,
936661766240,
817752640297,
511895490592,
654485830248,
342967016861,
657574650202,
491452353849,
889710314727,
223804317126,
56284112628,
994977203490,
419606389904,
441288593273,
532227456589,
924317024415,
581751381911,
337046095120,
442687712278,
486473159472,
199039681107,
214573921524,
325586535694,
368422296788,
557996333064,
796841221809,
868684900449,
543019109847,
148268874949,
181299515416,
6684305076,
272330351010,
479604455990,
774243302663,
85169766415,
798564610094,
67894134039,
622780835121,
82939688061,
33753248818,
549268482814,
790976495525,
753217878891,
62631118798,
358248365563,
918296413272,
991436893937,
56363112507,
